524,776
VO, LO, PrL, Cg1, Pir1, Pir1, Pir2, Pir3
40,577,44,565,49,550,53,539,62,512,69,492,75,476,81,462,82,460,86,461,89,461,93,459,98,455,102,449,107,441,112,433,115,425,118,418,122,412,124,407,127,402,132,396,138,387,145,379,149,374,154,369,160,364,165,359,170,356,175,352,180,348,185,345,186,344,186,349,183,359,181,365,180,372,179,381,178,389,177,397,176,405,176,413,176,422,176,432,176,440,176,448,177,458,178,468,180,480,181,489,182,499,184,506,186,513,187,519,187,521,186,521,181,522,169,527,159,531,146,537,136,542,127,547,118,553,104,561,92,567,79,573,66,577,54,579,47,578
190,342,195,338,203,333,212,328,220,323,229,318,235,314,239,321,245,331,251,342,257,353,263,363,271,377,278,390,286,405,293,417,300,432,309,448,317,464,324,477,333,495,341,513,349,528,356,544,362,558,368,575,373,589,373,591,360,588,340,579,325,569,300,556,278,546,271,543,238,529,219,522,208,519,203,518,195,519,187,521,184,505,180,487,178,470,176,454,175,430,176,412,177,396,179,378,181,365,184,354,186,344
173,265,167,260,158,256,146,248,136,242,123,235,112,230,98,224,85,218,71,211,56,205,43,200,32,196,15,190,2,186,1,185,1,416,8,417,20,416,36,415,50,414,64,413,78,412,89,410,96,409,98,402,101,394,106,378,112,363,118,349,125,333,133,320,141,307,149,295,157,284,165,274
194,247,172,218,147,190,122,163,97,137,73,112,53,92,35,76,21,64,14,76,8,91,3,109,1,122,1,185,12,189,30,196,41,200,58,206,76,214,93,221,110,229,128,239,147,248,163,258,173,265,179,259,184,254,189,251
47,696,39,705,32,714,28,719,36,727,47,735,58,742,70,751,77,759,86,766,97,772,111,772,125,770,142,766,160,761,211,741,230,735,242,725,259,713,283,697,299,682,321,663,336,648,350,636,357,627,360,617,362,604,360,593,349,582,326,570,305,558,267,541,240,530,216,521,204,518,191,519,179,523,166,528,146,537,144,538,138,549,131,564,141,559,153,554,163,550,173,547,186,546,201,545,214,546,235,550,255,556,277,563,295,570,310,577,323,583,335,592,342,600,344,606,344,616,342,624,336,632,329,637,322,642,314,647,302,656,259,692,249,699,238,707,231,711,208,724,198,730,182,735,171,739,129,751,124,752,120,759,116,763,112,764,104,760,94,752,84,744,65,726,59,719,55,712,50,704,48,698
126,714,128,725,129,735,128,743,125,750,126,752,136,749,147,746,155,744,163,741,171,739,196,730,207,725,216,720,223,716,231,711,254,696,263,688,270,682,277,676,291,664,303,656,311,650,318,645,324,641,333,635,337,631,340,627,342,623,344,617,344,610,343,604,340,598,336,592,330,588,320,582,311,578,301,573,290,569,280,565,260,558,248,554,241,552,213,547,203,546,192,546,185,546,174,547,165,549,157,552,149,555,141,559,133,563,130,565,126,574,131,572,138,569,145,566,153,563,162,561,169,559,180,558,191,558,199,558,207,559,220,561,232,563,242,566,250,568,264,572,274,576,287,581,297,585,307,590,315,594,322,600,326,608,326,616,325,622,322,626,317,631,310,634,304,637,290,644,280,649,272,655,265,662,247,681,241,688,234,695,226,702,220,705,213,710,208,712,201,713,189,713,179,712,149,708,136,706,128,705,122,703,122,706,123,710
206,702,210,708,211,710,217,708,224,703,230,698,237,691,244,684,251,677,256,671,262,664,268,659,275,653,283,648,290,643,299,640,306,636,314,632,321,627,325,622,326,612,325,603,318,596,310,591,297,585,258,570,239,565,228,562,203,558,188,557,177,558,167,560,142,567,130,572,126,573,123,582,128,581,135,579,143,576,152,574,161,571,175,569,186,568,195,568,205,568,219,570,233,573,245,577,254,581,268,587,279,593,289,598,299,603,302,605,306,609,305,615,302,620,298,623,295,625,287,629,279,634,272,639,243,661,233,671,224,679,210,697
171,660,181,672,192,685,200,694,206,702,211,696,218,688,225,678,233,671,241,663,247,658,260,648,267,643,274,638,282,632,291,627,298,624,304,617,306,611,305,607,298,602,288,598,274,591,264,586,249,579,242,576,233,573,225,571,217,570,209,569,200,568,191,568,183,567,174,569,162,571,154,573,147,575,140,578,132,580,125,582,123,583,119,591,121,591,129,588,136,586,146,584,156,583,165,581,179,580,190,581,200,582,209,585,215,588,220,592,227,601,230,611,231,619,230,626,227,632,224,636,220,641,212,648,204,653,195,657,188,659,180,660,171,660
