568,778
PrL, IL, Cg1, LO, VO, Pir1, Pir2, Pir3
165,252,153,248,138,243,119,237,102,232,85,228,69,224,54,220,43,217,29,214,15,211,3,209,2,208,1,439,107,440,110,427,114,414,118,398,123,381,128,364,132,348,137,329,142,313,147,298,151,285,156,273,160,263,163,256
93,515,94,500,96,483,99,470,102,456,106,447,107,440,1,439,1,515
179,231,137,189,104,154,75,124,57,105,35,82,26,74,20,82,14,91,9,105,4,120,1,137,1,208,42,217,74,225,111,235,142,244,157,250,165,253,167,248,170,240,173,236
435,620,415,591,398,566,384,544,371,525,358,505,349,493,337,473,320,448,309,431,298,414,288,399,280,388,273,377,271,374,264,378,256,382,248,385,239,387,232,389,222,392,219,393,218,398,215,406,211,421,209,433,207,444,206,456,206,466,207,475,210,490,215,502,218,510,223,518,228,526,234,533,249,547,259,554,271,561,282,567,310,581,340,593,359,601,387,611,398,618,403,620,410,622,414,623,421,623,428,622
232,581,257,553,241,541,229,527,219,511,212,496,207,480,206,462,207,446,209,432,211,423,213,412,216,401,219,393,213,394,203,398,195,400,186,404,176,409,163,415,151,423,140,433,132,442,124,452,114,465,108,474,101,485,95,499,93,506,91,531,90,549,90,562,87,570,87,573,95,567,107,562,119,558,129,555,141,551,156,548,168,547,180,549,200,556,211,563,221,571
205,739,207,774,222,773,240,771,253,768,266,764,281,757,293,749,302,743,314,736,323,727,329,720,334,711,338,702,342,696,345,693,350,690,358,687,370,685,378,684,388,683,397,678,402,668,407,657,410,644,409,633,404,624,396,617,381,609,361,602,343,595,313,582,289,572,273,563,262,556,232,581,238,583,248,587,267,597,278,602,291,607,303,610,325,616,342,620,356,623,369,628,379,634,382,638,383,643,383,648,382,653,378,657,374,660,369,662,361,662,352,663,344,664,336,665,329,667,322,674,318,680,316,686,313,692,310,699,306,705,302,710,299,713,290,721,280,725,271,727,267,727,264,731,260,736,246,738,233,739,221,740,209,740
212,728,207,729,202,731,201,734,202,737,206,740,216,740,230,739,245,738,256,737,260,736,264,732,265,729,268,727,274,726,281,725,287,722,295,717,301,711,306,705,312,695,315,687,318,679,323,673,328,668,333,666,340,665,348,664,357,663,366,662,372,661,378,657,382,653,383,646,383,639,378,633,372,629,364,626,354,623,344,620,332,618,320,615,310,612,300,610,283,604,275,601,267,597,254,590,244,585,235,582,231,582,229,585,228,587,233,591,252,601,263,607,283,617,296,622,307,625,331,630,346,634,353,636,359,638,364,642,364,646,360,649,356,651,347,651,331,651,324,653,317,656,312,660,306,667,303,672,300,679,296,687,292,694,286,702,280,705,272,708,262,708,256,711,249,719,242,724,237,726,230,727,224,727
211,689,213,695,215,702,215,711,213,719,209,726,208,728,215,728,228,727,238,726,246,722,252,716,257,710,263,708,277,707,285,703,290,698,297,686,301,677,305,668,310,662,317,657,324,653,333,651,346,651,358,650,363,647,365,644,363,640,357,637,346,634,337,632,325,629,315,627,280,616,267,610,257,605,241,595,232,590,228,587,224,590,217,595,210,600,208,602,210,604,222,608,232,612,242,617,249,622,256,627,262,635,263,642,264,652,262,660,259,668,254,675,246,681,237,685,229,686,220,686,211,686,209,686
