602,828
PrL, IL, Cg1, AcbSh, LO, VO, Pir1, Pir2, Pir3
175,260,1,177,1,423,124,422,128,405,133,386,139,366,145,347,152,326,158,307,163,287,168,273
125,422,1,424,1,533,125,529,123,524,122,516,122,508,122,498,121,494,119,487,118,479,118,469,119,460,120,451,121,441,123,432
187,248,176,230,158,204,136,172,117,144,101,120,85,97,72,78,59,60,56,54,47,62,33,73,18,87,8,100,2,111,1,117,1,177,15,183,51,201,97,222,128,238,157,251,175,260,179,254
173,635,165,630,157,626,149,623,140,620,132,620,126,623,119,628,114,629,114,636,119,642,126,648,133,653,140,657,148,660,156,655,164,652,172,650,178,648,177,641
427,654,419,634,412,615,400,590,389,567,377,547,366,527,353,509,338,486,322,466,306,449,291,436,282,428,275,435,264,439,251,443,239,445,230,448,230,463,230,478,230,489,233,509,236,526,242,546,249,562,257,576,269,591,283,602,300,613,321,623,341,629,365,636,389,644,409,650,418,654
291,607,279,599,267,589,257,575,246,556,240,542,236,524,232,504,231,485,230,465,231,449,231,447,221,452,206,458,192,466,179,478,165,490,155,508,149,522,145,532,143,537,137,540,133,539,130,536,129,548,130,565,132,576,135,588,138,596,148,602,164,611,174,616,186,623,204,632,218,641,229,646,248,645,269,644,283,642,287,641,287,631,288,623,289,616
201,772,208,780,216,788,221,793,225,801,228,809,229,813,233,807,242,800,257,791,268,783,277,777,292,764,302,754,314,742,324,736,337,735,353,739,363,744,373,738,395,721,410,706,421,688,424,677,424,665,420,656,412,651,390,644,333,627,319,622,310,618,302,614,290,607,288,626,287,635,287,636,305,643,331,649,356,655,374,660,389,665,400,672,403,676,402,688,399,695,391,698,382,698,364,699,347,699,332,699,320,701,311,703,304,708,299,716,293,726,288,735,283,740,276,742,270,740,269,746,268,753,264,756,256,760,248,761,237,764,225,767,209,770,201,770
195,755,196,763,200,769,207,770,218,768,229,766,242,763,253,760,261,758,266,754,269,749,269,742,269,739,272,741,278,742,283,740,287,735,292,727,297,718,301,711,305,707,308,704,315,702,321,700,333,699,347,699,376,699,387,698,395,697,400,693,403,686,403,676,397,670,389,665,379,662,365,658,331,649,313,645,297,640,287,635,285,642,288,645,296,651,307,654,326,658,342,662,358,666,373,670,382,673,388,678,389,684,385,687,376,688,336,688,308,690,295,691,290,694,286,699,285,708,283,717,279,724,275,729,263,730,260,733,259,744,257,747,249,747,239,746,232,747,226,752,219,756,209,752,203,750,197,752
185,712,189,731,193,749,195,754,198,751,203,751,210,752,215,755,219,756,222,755,227,751,230,747,235,746,244,746,252,747,258,746,260,742,260,733,262,730,269,730,274,730,279,725,281,719,283,715,285,707,287,698,291,693,301,690,315,690,325,689,347,688,379,688,386,686,389,683,389,679,385,676,376,671,367,668,354,665,341,662,327,659,307,654,295,651,288,645,285,641,279,643,263,644,241,645,227,645,230,647,237,651,243,655,250,661,256,668,258,678,255,687,250,695,244,701,237,706,228,712,219,715,208,716,197,715,187,710,185,710
