591,832
PrL, IL, Cg1, AcbC, AcbSh, LO, VO, Pir1, Pir2, Pir3
169,257,155,255,135,247,114,238,93,232,73,226,51,220,26,215,9,212,1,211,1,436,9,437,23,438,35,440,48,441,62,441,77,439,98,434,116,426,120,424,121,412,125,392,130,370,137,345,143,325,150,304,156,287,162,271
120,425,107,430,91,435,71,439,55,441,42,441,27,439,12,437,1,437,1,511,3,519,5,534,19,535,42,534,56,532,72,530,87,526,101,520,109,516,112,485,115,456
192,243,183,232,170,214,158,197,147,181,136,167,126,151,116,135,106,118,95,100,85,84,75,68,65,53,57,40,49,47,38,57,29,69,20,82,10,98,3,115,1,128,1,212,19,214,46,219,63,223,83,228,107,236,132,245,155,255,168,258,172,251,178,246,185,244
212,650,192,630,188,627,185,629,184,637,181,647,179,655,175,666,169,677,165,686,164,695,167,704,172,711,177,715,177,703,181,688,185,676,192,668,197,664,203,661,216,660
164,712,173,715,178,716,175,713,168,705,165,697,164,688,168,679,173,670,177,659,181,648,183,636,185,630,189,626,174,615,166,608,160,603,154,599,152,601,146,598,139,596,134,598,128,602,122,607,117,612,113,612,109,615,105,621,102,628,100,637,99,645,106,652,114,663,122,672,129,681,138,692,147,703,154,708,161,711
376,636,368,609,354,577,341,547,329,522,318,499,306,476,295,454,287,458,275,460,259,461,240,461,221,466,205,475,190,487,198,507,208,527,221,550,239,571,262,594,284,609,305,622,330,634,346,640,351,634,359,630,370,634
341,655,340,650,343,644,346,639,333,635,319,628,301,620,287,611,271,600,258,590,241,573,229,560,219,547,212,534,203,516,197,503,192,490,191,487,187,491,182,498,178,506,176,514,177,543,177,551,173,558,169,562,164,563,156,560,149,553,141,544,135,533,132,525,127,539,106,589,100,607,95,624,91,640,91,643,95,644,100,646,100,637,101,628,106,620,110,614,113,611,114,606,118,598,123,589,127,581,130,575,132,575,138,575,143,577,154,580,166,585,177,593,189,601,200,607,214,614,227,618,243,624,258,629,269,635,300,647,316,651,330,654
295,783,305,791,312,799,314,803,326,794,345,778,360,764,371,754,384,741,393,736,404,733,410,734,418,737,423,742,432,732,445,715,452,699,455,689,454,679,444,670,422,660,400,650,383,642,373,636,364,631,357,630,352,632,348,637,345,642,340,649,340,653,341,657,345,660,352,662,360,663,367,664,371,662,378,661,386,661,397,665,404,668,412,673,419,680,425,688,427,695,430,702,431,709,430,714,425,717,418,718,409,714,400,710,393,707,384,706,375,706,366,709,359,713,354,720,350,727,347,735,344,743,340,750,336,757,329,762,321,767,312,770,303,770,295,768,290,764,287,763,286,764,286,767,288,770,289,772,288,774,286,776,285,777,289,780
275,772,281,775,285,776,289,774,288,769,285,766,287,763,290,764,296,768,303,770,313,771,321,767,330,762,338,754,342,747,345,740,348,732,351,724,356,718,359,713,364,710,370,707,383,706,397,708,407,713,415,717,420,718,426,717,430,712,431,707,430,700,428,696,420,681,415,676,409,671,402,667,388,662,382,661,374,661,368,663,366,664,374,667,384,672,395,675,403,677,409,680,414,685,418,691,419,697,416,699,413,700,406,700,398,698,389,696,380,694,371,693,363,695,357,696,346,699,342,702,339,705,335,712,330,721,326,727,321,733,313,741,306,746,298,748,290,750,282,750,277,755,275,758,274,763,274,768
251,755,259,762,269,769,274,772,275,770,274,761,276,755,281,750,295,749,305,746,312,742,318,737,329,722,334,715,337,708,341,702,346,699,355,696,364,695,374,693,386,695,399,698,409,700,417,699,419,696,418,690,413,683,407,679,398,676,387,673,380,670,367,664,356,663,346,661,340,655,334,655,325,653,300,647,289,643,278,639,269,635,275,643,282,653,286,662,290,675,292,683,292,692,291,698,289,703,285,708,278,715,271,720,264,723,258,727,252,731,246,737,241,745,240,747
