530,716
PrL, IL, Cg1, AcbC, AcbSh, CPu, LO, Pir1, Pir2, Pir3
134,218,96,207,39,193,1,183,1,380,17,382,39,382,65,379,91,372,91,349,97,322,114,276
1,449,28,449,70,439,86,433,89,406,90,372,69,378,32,383,1,380,1,388,3,389,5,394,5,400,4,405,1,406
155,190,129,162,96,124,66,90,41,61,27,45,18,57,5,77,1,86,1,184,39,193,89,205,130,217,135,219,140,207,147,197
163,599,154,597,137,588,118,568,105,544,97,521,93,503,93,493,100,482,108,474,121,469,141,474,157,487,173,506,190,533,194,553,195,562,182,558,175,558,170,560,164,568,161,581
181,599,177,618,174,625,162,629,145,632,130,631,111,628,97,621,84,605,74,585,69,566,69,547,72,530,77,517,83,506,94,492,93,505,100,532,110,556,128,580,141,591,153,597,163,599,165,603,169,604,173,604
190,306,182,309,174,315,171,324,170,331,172,337,177,342,185,346,198,347,209,344,214,340,216,333,216,325,214,319,211,313,202,308
347,560,328,563,303,563,273,559,239,546,212,529,180,500,162,478,170,478,176,477,179,471,181,457,188,442,195,435,202,430,217,450,251,495,268,514,291,538,316,552,333,557
259,672,269,687,274,697,290,682,307,666,322,648,333,639,344,638,358,639,369,643,381,635,402,617,411,597,416,583,414,573,402,563,392,559,350,559,340,562,323,563,316,564,326,566,353,574,375,580,389,585,396,590,396,597,389,607,382,613,367,614,345,609,331,607,319,609,311,614,301,629,289,647,273,664,264,670
249,663,259,673,272,665,284,652,298,634,308,617,314,611,320,608,330,607,360,612,377,614,387,610,395,599,397,592,393,587,371,579,359,575,318,565,321,568,341,576,364,586,376,591,380,596,380,602,373,605,357,602,329,598,320,597,313,598,306,602,295,612,287,627,279,641,271,651,261,658
250,663,264,657,277,644,288,627,296,611,307,601,321,597,349,601,368,604,378,603,381,599,380,593,366,586,345,577,317,566,311,563,288,561,272,559,253,552,240,545,236,545,247,555,253,565,255,574,250,584,236,601,220,620,207,634,200,639,216,645,233,653
