537,750
PrL, IL, Cg1, AcbC, AcbSh, CPu, LO, Pir1, Pir2, Pir3
136,235,99,225,28,202,1,193,1,358,18,362,37,365,45,365,56,362,72,350,79,345,91,327,102,305,115,282,125,260
79,344,64,355,51,364,45,366,36,366,15,361,1,357,1,368,4,371,3,375,3,381,1,386,1,447,17,450,29,452,41,449,58,443,77,435,77,424,71,403,69,383,71,368
146,212,100,153,53,92,18,47,11,57,4,71,1,81,2,193,38,205,78,218,116,230,136,235
166,628,152,637,145,639,131,632,108,615,94,596,81,570,76,544,74,511,80,507,88,498,92,493,110,491,126,493,140,498,157,507,176,522,190,534,196,541,200,553,205,569,207,586,206,599,200,606,195,599,183,594,166,588,159,587,154,588,150,593,147,603,146,619,147,627,150,630,154,630
177,623,180,637,188,651,203,666,214,673,193,671,170,671,147,673,114,679,104,679,93,677,76,669,60,657,58,642,51,611,45,582,45,572,50,552,58,535,66,521,69,518,74,510,75,521,76,543,79,562,85,578,97,602,113,620,134,634,146,639,157,634,168,626
191,535,173,519,148,500,126,492,97,492,92,493,99,481,104,468,109,448,118,419,128,392,149,347,161,326,168,318,190,308,204,306,215,307,225,312,236,322,244,336,248,354,248,371,242,388,235,398,224,407,212,415,183,425,163,431,151,435,147,438,143,444,140,450,140,461,142,471,148,483,153,492,178,515,188,525
314,604,294,597,245,572,211,554,198,547,196,541,203,538,215,519,222,509,238,498,244,504,266,530,289,559,301,572,312,590,314,602
273,717,287,708,301,700,309,692,320,680,327,674,339,674,351,676,368,682,378,674,392,652,399,633,400,619,393,613,378,608,358,602,349,599,343,599,337,603,343,607,351,614,372,632,377,638,375,645,371,655,364,660,358,658,342,648,324,641,310,640,301,642,295,647,286,657,273,679,261,692,259,698,262,704
53,676,54,681,62,689,68,694,73,702,81,705,88,715,94,719,108,723,117,727,128,726,140,731,147,730,157,726,163,719,174,711,181,709,189,709,205,717,222,722,230,721,237,714,256,712,260,709,259,700,260,692,275,675,284,661,292,649,298,644,304,641,312,640,320,640,327,642,337,645,351,654,363,660,365,660,371,656,375,646,377,639,368,628,348,612,339,606,336,604,333,610,340,613,348,621,359,631,365,640,364,646,358,648,345,640,336,636,321,632,300,632,290,634,281,644,269,660,260,675,251,692,250,699,248,703,238,706,218,708,207,707,196,703,180,700,165,705,147,715,138,715,126,712,117,714,109,712,105,712,100,715,96,714,90,702,75,684,62,675,57,673
251,692,259,677,272,656,283,641,290,634,298,632,309,631,326,633,341,638,356,646,359,648,364,644,364,638,355,627,334,608,330,612,317,606,290,595,268,584,226,562,211,554,200,548,199,550,205,570,215,571,243,580,255,590,261,598,263,612,259,626,248,637,238,645,225,660,217,674,232,681
