552,766
Cg1, Cg2, AcbC, AcbSh, CPu, Pir1, Pir2, Pir3, aca
148,198,122,159,86,105,52,54,37,30,31,35,24,45,17,58,10,75,4,93,1,121,1,166,29,175,73,191,116,207,136,215,139,208,142,203,145,200
136,214,64,188,17,171,1,165,1,303,4,317,10,328,12,332,12,333,4,335,1,340,1,344,5,346,6,351,5,355,2,356,3,360,19,357,41,347,61,335,77,320,89,306,100,292,113,271,123,248,131,227
90,486,107,495,127,509,150,527,169,544,186,561,199,575,213,594,219,610,222,631,219,648,209,658,196,663,182,661,160,652,136,638,117,621,100,595,89,552,84,498
229,676,214,653,203,661,190,663,166,655,139,640,120,625,105,604,93,572,86,533,85,506,85,497,83,499,81,498,74,507,63,529,53,554,47,577,46,607,50,627,58,643,71,659,77,656,82,659,84,665,84,669,87,673,88,678,88,682,93,685,102,688,111,693,113,685,115,681,119,678,125,678,127,685,133,696,161,692,175,690,174,682,178,678,183,677,184,681,186,686,191,683,198,681,207,674,217,673,223,676
248,616,220,613,214,598,199,575,176,550,150,527,122,506,102,492,90,486,95,472,100,446,103,432,106,411,111,389,113,383,119,372,134,352,148,336,154,328,160,319,163,311,167,303,174,295,187,288,208,280,230,278,249,282,265,290,282,302,298,321,311,348,316,385,312,419,303,441,287,462,276,474,271,481,266,491,263,509,260,540,259,577,255,600
294,725,298,734,304,728,318,716,334,704,354,690,366,684,383,686,391,690,398,694,413,685,427,673,439,657,448,638,450,622,450,617,436,608,422,605,415,605,407,608,401,612,399,614,409,615,417,617,425,623,428,634,428,645,423,657,416,663,411,665,399,666,388,665,369,658,357,654,351,653,344,657,335,663,330,669,327,679,324,690,317,697,308,699,299,702,294,706,294,714,295,719,298,721,296,725
287,713,294,725,297,723,296,717,294,708,298,703,306,700,316,697,324,691,327,682,328,672,335,663,346,655,354,653,367,657,388,665,400,666,410,665,420,661,427,651,429,636,426,624,416,616,400,614,402,618,409,628,411,643,410,652,406,656,400,657,387,655,371,648,352,644,342,645,335,648,325,655,318,663,313,678,309,685,305,687,297,690,292,694,287,700,286,707
288,714,286,705,289,696,295,691,308,686,314,679,317,665,328,651,343,644,352,644,372,649,393,656,404,657,409,653,412,646,410,632,406,623,398,614,375,609,338,597,317,591,321,601,323,613,320,619,306,627,292,639,287,650,274,674,266,688,260,691,274,703
194,625,172,617,160,608,157,599,158,594,165,591,176,591,189,596,200,605,205,614,204,621,200,625
