550,776
Cg1, Cg2, AcbC, AcbSh, CPu, Pir1, Pir2, Pir3
146,205,116,157,84,105,59,64,43,40,39,33,32,39,25,47,18,56,12,67,8,80,4,93,2,102,1,108,1,164,15,168,36,175,61,183,86,192,110,201,128,208,138,212,141,210,143,207
138,212,80,189,49,179,21,170,6,165,1,164,1,306,3,312,9,318,11,320,8,323,6,327,4,332,5,335,3,340,1,341,8,343,20,341,34,335,45,329,57,322,66,316,73,309,81,302,89,292,97,284,106,273,115,261,124,245,130,230,135,219
88,493,97,496,105,501,114,508,123,515,132,523,141,531,153,544,162,554,171,565,181,577,189,587,197,599,200,610,200,619,198,627,197,634,192,640,188,645,181,649,174,653,166,655,155,656,144,654,131,649,122,642,114,635,107,626,101,617,97,608,94,599,90,588,87,576,84,562,82,550,81,536,81,522,80,511,80,499,80,496
77,497,70,504,65,513,59,524,54,534,50,544,46,552,43,562,39,576,38,584,40,595,42,606,43,616,44,628,45,640,43,654,48,670,55,677,65,683,73,686,77,690,80,696,84,703,89,707,98,709,107,709,115,708,125,707,133,707,137,711,138,716,143,715,151,713,165,712,172,712,173,711,167,707,165,701,167,696,170,694,177,697,185,699,191,696,196,691,201,687,206,683,206,679,206,674,210,667,212,660,214,653,217,645,220,640,224,636,227,634,200,621,199,626,197,632,192,640,187,645,180,650,170,654,165,655,156,656,148,655,140,653,125,645,119,640,113,634,108,628,101,616,98,610,95,604,93,597,85,570,84,561,83,554,81,540,81,533,81,524,80,504,80,497
227,634,200,622,200,615,199,607,197,600,193,594,188,587,167,560,155,546,144,535,134,525,129,521,117,510,107,503,96,496,88,493,87,492,91,486,93,478,94,467,95,447,96,428,98,414,100,404,101,393,105,382,124,352,138,335,146,325,154,319,163,310,172,300,181,293,190,286,197,281,201,277,211,275,222,274,237,277,253,284,266,292,277,300,287,310,294,318,303,331,310,347,315,364,318,378,319,391,320,402,317,414,306,440,302,456,297,470,292,483,285,498,278,516,273,531,270,546,266,562,265,576,263,590,261,604,258,613,254,621,247,629,241,635,234,633,230,633
290,723,296,728,301,733,302,740,302,745,310,741,318,735,325,727,330,719,335,712,340,706,343,703,349,701,362,703,377,708,387,712,394,708,406,696,416,688,427,676,433,664,439,651,442,641,446,632,440,628,432,626,421,621,409,619,400,621,393,623,393,628,396,627,400,627,404,629,407,632,412,637,416,641,416,646,416,650,415,656,414,659,412,664,409,670,406,674,402,679,397,683,392,684,385,683,377,679,371,675,362,671,353,667,347,666,342,666,337,667,333,671,329,676,328,681,326,688,324,694,320,701,315,706,310,711,304,715,297,719,293,721
282,718,289,723,297,719,305,715,313,708,320,700,324,693,327,684,329,677,332,671,338,667,346,665,359,669,372,676,382,681,389,684,396,683,401,680,406,674,410,668,414,662,416,654,417,647,415,640,412,636,406,631,400,627,396,627,393,628,392,630,391,633,392,636,395,640,397,643,398,648,399,657,398,664,395,669,390,670,386,669,380,667,373,664,360,658,352,655,345,653,337,654,330,658,324,663,319,668,316,674,311,680,308,686,300,698
255,704,266,709,276,715,282,719,287,713,296,703,302,696,308,686,313,678,321,666,325,661,332,656,340,654,349,654,358,657,378,666,389,670,395,668,399,661,399,650,396,642,392,636,391,633,395,627,393,623,385,626,376,627,366,623,350,615,344,611,341,609,341,614,338,620,334,626,327,629,319,631,306,636,298,639,292,643,287,647,284,653,277,666,273,674,269,680,263,688,257,693,253,696,248,699,247,700,255,704
