551,789
Cg1, Cg2, AcbC, AcbSh, CPu, Pir1, Pir2, Pir3
138,193,69,91,41,46,29,27,21,36,15,45,9,54,4,66,1,75,2,166,86,194,126,206,129,201,133,199
125,206,63,186,17,172,1,166,1,305,4,311,8,316,10,318,5,321,7,326,5,330,4,334,20,331,42,323,53,314,67,303,78,292,89,281,98,268,106,251,112,234,117,220,120,212
88,498,98,503,109,510,123,519,145,537,166,557,185,576,200,595,206,608,209,620,207,632,202,643,193,651,181,656,166,659,151,655,134,646,125,640,114,630,106,615,99,601,96,590,91,571,89,553,86,534,85,516,86,502
79,499,75,501,69,507,61,517,55,527,51,537,45,549,43,561,45,573,47,587,49,611,51,626,53,637,52,644,49,648,52,655,61,668,76,681,83,685,93,689,102,694,108,702,113,707,120,711,133,713,156,713,162,714,167,714,172,712,173,707,173,704,176,700,180,698,188,699,196,699,200,697,204,691,210,686,217,685,221,686,225,688,229,693,234,700,236,706,237,712,238,715,244,713,249,711,257,710,261,710,255,705,248,698,243,692,240,687,238,680,238,673,238,666,239,659,241,652,242,646,244,644,249,643,251,641,208,626,206,634,203,640,197,648,188,653,180,656,172,658,162,658,153,655,146,652,129,644,123,639,118,633,113,628,108,620,104,612,95,588,93,579,91,569,89,555,88,544,87,534,86,524,86,499
88,495,88,478,89,452,90,437,92,413,94,396,97,383,100,374,103,365,107,356,111,349,116,343,125,332,147,302,158,286,164,282,170,277,177,273,182,270,192,267,215,267,232,271,258,281,277,292,296,306,307,322,313,334,316,345,318,356,320,368,322,384,322,407,321,425,319,439,316,451,313,463,306,482,299,499,287,527,283,543,281,562,279,581,277,597,277,604,259,632,252,641,249,644,244,644,208,626,208,617,205,604,194,588,185,577,176,567,165,556,154,546,130,524,113,513,100,505,88,498
300,762,308,759,309,755,312,752,317,747,323,743,331,738,337,732,343,726,347,719,353,712,361,705,368,701,376,700,390,701,395,702,404,707,418,698,433,686,442,676,448,664,452,651,453,640,454,634,442,627,431,623,420,619,412,617,411,619,415,622,419,627,422,634,425,643,426,653,425,662,422,668,419,676,414,681,408,682,401,681,392,677,382,675,374,672,365,671,357,670,350,671,344,676,339,682,336,690,335,699,333,704,329,709,324,714,317,718,310,722,305,727,301,732,299,738,299,746
289,747,291,755,293,765,299,762,299,737,302,730,308,724,314,720,328,711,332,706,334,699,336,691,339,684,341,679,347,674,352,671,358,670,370,671,381,674,404,681,409,682,416,679,422,671,424,662,426,653,426,643,424,636,420,629,416,623,410,618,408,620,408,623,409,628,412,632,415,638,415,647,414,654,411,661,406,665,392,664,380,660,372,658,364,658,356,659,339,661,331,663,326,667,323,673,321,679,320,687,319,694,318,703,313,709,308,714,301,717,295,721,291,727,290,733,289,739,289,747
288,744,283,737,277,726,271,719,265,714,260,709,265,709,271,707,276,700,280,694,285,686,291,678,297,670,301,662,308,650,314,644,320,640,326,637,334,634,339,631,342,624,339,609,335,600,334,596,339,599,350,604,362,609,373,612,390,614,405,615,410,617,411,619,408,622,409,626,412,632,414,637,415,647,414,656,410,663,402,665,391,664,384,661,376,659,369,658,359,658,334,662,327,666,324,672,321,680,319,695,318,702,314,708,309,713,302,717,296,720,292,725,290,733
