568,801
Cg1, Cg2, AcbC, AcbSh, CPu, Pir1, Pir2, Pir3, aca
144,202,128,174,97,121,75,83,51,42,42,25,32,33,23,45,17,53,10,68,5,85,3,98,1,114,1,164,51,182,116,204,135,210,140,205
135,210,103,200,52,182,7,166,1,164,1,294,4,303,7,308,10,310,6,313,4,317,5,321,5,326,5,328,24,326,47,321,52,319,62,309,74,298,88,287,102,271,116,248,129,224
84,511,98,524,129,549,163,575,184,593,198,607,207,622,210,636,208,651,198,663,184,670,171,673,155,672,138,664,117,650,98,631,88,613,83,588,82,559,84,536
249,658,209,646,204,657,192,667,172,673,157,672,144,668,119,651,104,638,91,618,84,597,82,566,85,539,84,511,80,508,72,508,64,515,55,528,48,546,40,569,36,589,34,618,35,629,42,642,51,664,58,682,79,705,95,723,113,732,129,731,144,724,155,720,192,718,224,713,235,710,233,704,234,692
249,657,209,645,210,640,209,631,207,623,204,617,190,599,160,572,137,555,100,526,89,515,90,491,91,471,95,428,101,388,108,366,118,349,123,339,147,312,166,295,179,286,206,276,230,275,250,278,269,286,286,296,302,309,316,322,330,343,341,365,345,401,341,451,336,469,325,496,313,528,302,554,297,579,293,599,285,615,283,621,275,625,262,639
320,765,336,753,354,735,363,728,370,725,389,725,402,727,414,732,427,722,444,706,453,695,460,683,466,656,474,639,458,637,443,637,433,639,427,642,430,648,434,661,435,677,430,691,418,700,409,701,396,698,377,692,366,689,359,689,351,691,342,700,338,708,333,723,329,734,323,740,314,743,307,744,318,758
307,743,317,742,326,738,333,726,337,709,344,697,352,691,360,689,369,689,384,694,403,700,412,701,423,697,431,689,435,677,434,659,431,646,427,642,421,643,422,658,423,674,418,684,407,689,396,688,378,683,363,680,346,681,334,687,324,699,316,711,307,725,302,731,298,736,307,743
298,736,305,728,313,715,322,702,330,690,338,684,351,680,366,680,385,684,400,689,408,688,417,684,423,678,423,661,422,647,423,643,400,639,377,633,365,628,366,640,360,653,353,657,339,659,329,663,319,670,310,680,302,691,297,703,293,712,287,718,275,723,284,727
162,648,168,647,175,643,181,637,182,628,181,621,176,613,167,607,158,605,150,606,143,610,141,616,143,625,152,642,159,648
