558,795
Cg1, Cg2, AcbC, AcbSh, CPu, Pir1, Pir2, Pir3, aca
147,196,123,151,92,96,66,46,51,19,43,24,33,34,21,51,12,69,5,89,1,108,1,170,25,179,77,195,118,208,128,211,132,205,137,200,143,196
129,211,103,203,64,191,20,177,1,170,1,301,3,306,8,309,12,311,5,325,14,325,31,322,54,316,72,305,84,294,95,283,105,266,114,249,120,231,125,216
102,506,100,524,95,516,93,520,93,528,92,546,92,572,97,598,107,625,121,646,135,656,157,668,179,675,198,673,210,668,219,656,222,643,221,629,214,611,199,591,171,565,149,545,113,516
253,651,221,647,214,663,207,669,198,673,181,675,168,672,142,661,124,649,111,631,99,605,93,581,91,545,94,517,95,514,91,505,87,503,83,505,72,514,61,529,52,545,44,563,49,565,47,579,46,603,48,625,46,632,54,638,60,646,60,666,87,700,100,713,112,722,125,727,125,722,131,716,135,714,143,715,158,716,173,709,199,709,206,704,212,701,226,701,232,698,235,693,238,691,243,677
103,506,101,472,100,451,102,419,105,391,108,362,115,344,119,336,136,314,148,306,159,295,165,286,167,281,184,270,203,264,219,263,235,264,258,270,292,289,307,300,326,317,337,332,345,351,350,375,352,402,351,431,345,456,333,487,320,514,314,534,309,557,300,588,291,614,289,617,283,619,273,626,263,635,258,642,253,645,232,640,229,637,223,640,220,627,216,614,201,593,180,573,142,539,108,511
320,733,327,747,330,755,335,751,352,733,364,719,372,712,384,710,396,711,403,713,404,716,402,720,423,708,458,680,471,664,475,653,476,644,476,627,454,624,455,635,447,659,438,673,426,683,408,689,390,686,373,682,358,683,349,691,344,705,339,719,334,727,327,733
310,721,317,730,320,734,328,732,336,725,343,708,348,694,353,687,359,684,367,682,382,684,406,689,418,687,432,678,444,665,450,650,454,635,455,625,451,622,445,628,438,640,430,657,423,665,410,670,394,670,373,664,363,664,353,668,341,681,324,706,317,717
310,721,318,716,331,696,341,680,354,667,364,663,381,666,399,670,414,670,426,663,434,649,442,632,449,625,452,623,426,614,409,604,384,586,365,572,361,568,364,578,368,597,365,618,358,633,349,643,334,653,320,666,306,681,296,697,291,709,303,716
152,610,153,601,156,596,164,594,171,595,181,601,188,610,190,618,190,623,187,629,180,635,174,637,170,637,164,635,156,627,153,619
