583,789
Cg1, Cg2, AcbC, AcbSh, CPu, Pir1, Pir2, Pir3, aca
138,195,128,173,106,122,87,78,70,38,64,21,50,29,33,43,18,60,7,79,1,96,2,146,33,161,111,198,118,201,125,197
118,200,80,183,28,158,1,145,1,299,3,303,6,307,7,314,4,318,28,318,44,312,60,301,73,290,85,276,92,264,101,242,108,219,113,206
101,512,125,536,158,560,198,581,216,594,226,607,227,618,223,633,213,649,201,659,189,662,175,662,159,658,140,650,127,641,116,628,107,607,102,581,100,561,100,538,104,544,106,545,107,544,107,539,104,531,102,521
100,537,100,566,103,589,109,614,119,632,137,649,160,659,185,662,198,661,211,652,217,643,220,639,223,644,226,644,229,642,258,654,251,664,245,680,242,691,241,702,239,705,230,703,207,707,188,710,172,709,158,707,151,709,146,712,142,718,135,718,124,711,122,709,109,702,101,698,98,696,89,686,75,672,60,660,55,655,51,649,45,636,42,623,45,612,46,592,46,574,45,566,50,548,63,523,75,506,81,502,86,500,90,502,93,507,97,526
284,645,222,634,226,622,227,609,220,598,210,589,196,580,177,570,155,557,133,542,116,528,105,517,100,512,99,494,100,476,104,442,108,401,110,368,113,341,118,327,123,317,139,295,152,282,169,271,187,263,214,262,239,266,266,275,287,284,298,292,310,299,330,319,344,343,351,359,357,381,361,407,358,447,351,472,333,512,326,528,318,550,313,576,305,603,292,630
313,726,325,750,337,742,347,734,352,725,355,717,361,710,370,706,392,706,404,709,408,713,429,697,449,680,459,668,466,655,472,638,476,622,454,626,437,627,441,632,438,648,428,665,415,678,405,683,396,685,387,682,372,676,357,674,348,674,341,677,336,690,330,704,328,713,325,722,318,725
313,726,322,724,326,720,329,706,335,692,341,680,345,675,356,673,370,676,384,681,397,685,405,683,416,677,428,665,437,650,441,639,440,631,438,627,434,626,430,628,426,640,417,655,406,668,395,672,385,671,368,667,358,665,344,666,336,671,328,677,324,686,320,694,318,705,315,710,303,715
303,715,313,711,319,704,320,693,327,680,336,669,346,665,361,665,388,672,398,672,406,668,417,657,426,640,429,632,433,626,414,624,398,619,376,609,360,599,351,594,361,609,366,620,369,628,363,641,357,644,349,647,341,647,328,645,323,645,311,655,302,670,295,694,289,704
155,590,164,592,176,599,182,609,183,617,178,627,172,632,168,632,163,630,153,622,147,610,146,604,146,596,152,590
