585,787
Cg1, Cg2, AcbC, AcbSh, CPu, Pir1, Pir2, Pir3, aca
144,191,131,164,112,126,95,91,78,58,61,24,58,17,49,20,36,29,24,40,14,55,8,71,3,90,2,137,27,148,114,189,132,197,137,193
132,197,86,176,40,154,6,139,1,137,1,287,3,293,7,297,6,302,4,307,30,304,54,298,77,284,91,269,98,261,110,238,128,203
103,517,120,530,144,546,182,570,208,584,220,591,229,601,232,617,230,633,228,638,224,640,224,644,217,651,204,659,193,661,181,661,162,657,142,650,124,638,110,623,101,604,95,578,94,556,97,540,100,534,104,544,105,541
101,534,98,541,95,551,94,572,98,597,106,616,118,633,140,649,168,659,193,661,206,658,220,650,224,645,230,646,231,644,275,654,269,667,269,679,270,687,271,690,263,695,259,703,259,711,263,716,268,719,256,720,241,722,238,714,231,704,225,701,202,704,186,708,174,714,168,716,155,716,139,711,129,710,121,712,117,714,118,708,109,699,91,687,72,671,58,653,49,640,44,632,47,627,49,610,49,585,48,573,45,566,50,547,59,527,74,506,86,494,92,489,94,504,98,523
280,647,229,635,231,621,231,606,227,598,216,589,193,576,161,557,130,537,107,520,102,516,100,496,102,458,107,422,109,388,111,360,117,333,126,311,142,291,161,274,182,262,202,256,225,256,250,260,271,265,292,273,316,288,336,307,345,319,356,338,367,366,372,399,371,425,364,458,353,499,347,517,342,529,338,547,336,566,331,586,321,611,312,622,295,639,286,643,284,642
338,752,351,737,364,721,373,714,387,712,403,714,413,719,439,704,461,684,474,661,478,642,478,638,450,630,452,634,450,648,444,669,435,682,423,691,416,692,398,690,377,686,366,685,357,689,349,699,343,715,338,726,333,731,323,732
322,732,333,731,340,725,345,709,349,698,356,689,367,685,392,688,413,692,422,692,434,684,445,668,451,646,453,634,451,630,446,629,441,631,438,637,429,657,421,669,407,672,394,671,375,667,361,668,351,670,339,677,333,686,329,696,326,712,325,719,322,723,313,723
315,723,324,721,326,711,328,697,334,683,340,676,351,670,366,667,383,668,400,672,416,671,425,665,433,648,437,637,439,633,445,628,421,620,394,607,374,593,362,583,360,581,362,588,374,607,379,620,380,636,373,644,352,644,344,645,332,651,322,661,308,677,302,690,299,700,298,707
155,583,169,589,177,598,179,605,179,620,178,626,175,630,174,631,163,625,150,617,142,604,141,595,143,589,148,585,155,583
