594,804
Cg1, Cg2, AcbC, AcbSh, CPu, Pir1, Pir2, Pir3, aca
148,196,123,144,98,91,76,43,67,25,57,32,46,40,35,51,26,60,17,71,9,86,3,104,1,118,1,134,39,155,88,180,126,198,141,205
141,204,122,197,66,169,20,145,1,135,1,291,11,291,18,298,25,300,27,305,40,302,57,299,74,291,88,278,101,266,116,247,128,226,134,216
106,514,112,523,134,541,166,564,198,583,210,591,219,601,227,616,232,632,231,650,225,664,214,676,205,681,187,680,169,677,149,667,127,648,113,633,101,617,97,604,94,581,97,552,100,536,101,531,105,551,106,546,107,535
102,530,98,503,89,503,81,508,73,516,68,524,58,539,51,553,53,566,53,596,53,617,48,635,54,653,63,667,85,689,105,707,128,722,149,730,162,729,182,722,204,716,225,714,243,713,254,703,263,693,268,690,276,691,281,697,283,683,289,669,295,657,230,653,224,665,216,675,207,680,190,681,175,678,152,668,128,650,110,630,99,612,94,585,97,552
301,648,231,641,229,626,225,612,216,596,201,585,176,570,157,558,134,542,120,530,106,515,104,480,108,445,113,416,123,347,132,322,141,307,154,291,175,273,195,261,217,253,252,253,269,255,292,264,317,279,341,299,359,321,373,345,383,372,388,395,389,423,387,465,379,505,366,535,358,560,346,598,340,612,328,630,319,641,320,634,316,634
342,743,349,751,351,760,358,759,372,746,383,729,390,723,403,720,417,723,430,732,451,721,471,705,487,686,495,666,498,651,472,642,472,650,468,669,458,688,448,698,440,702,432,701,423,698,411,692,397,688,384,687,369,693,361,701,357,711,356,726,351,736,347,741
342,743,348,741,355,730,357,714,359,704,365,696,374,690,385,687,400,688,417,695,433,702,447,699,460,687,468,667,472,651,472,641,462,637,459,638,456,644,450,661,444,675,436,680,427,679,405,674,389,671,376,671,363,676,354,683,347,691,342,704,336,722,332,730
332,730,336,723,340,709,345,696,351,686,359,678,371,672,385,670,426,678,437,679,445,675,454,650,457,641,461,637,442,626,428,619,400,599,389,590,395,605,400,622,399,638,392,645,376,647,358,645,347,649,336,656,328,664,323,675,317,699,310,709,306,712
173,633,165,631,153,622,146,612,144,603,144,596,147,591,151,589,159,590,170,596,176,604,180,614,180,626,178,631
