600,818
Cg1, Cg2, AcbC, AcbSh, CPu, Pir1, Pir2, Pir3
152,184,97,57,78,15,57,26,45,33,35,42,26,51,18,62,12,73,7,91,4,108,3,119,12,125,25,132,66,156,113,183,135,196,137,194,140,191,143,189,145,187,149,186
135,195,97,174,65,155,32,136,8,122,3,119,1,143,1,284,13,289,12,301,28,299,47,295,66,289,83,278,96,263,106,251,113,241,119,227,126,213,131,202
112,523,126,537,145,554,168,572,195,592,215,606,225,614,232,623,236,630,238,640,237,650,231,659,225,665,220,670,214,675,207,678,201,680,193,681,186,681,179,680,171,678,161,676,152,672,143,668,133,662,126,656,119,649,114,642,108,633,104,624,102,613,100,597,100,584,102,574,104,566,107,560,111,554,113,559,114,558,114,541
107,505,95,506,88,509,82,513,75,526,67,537,58,546,53,555,50,563,54,578,56,587,57,601,59,609,61,616,62,624,61,637,61,640,64,645,65,651,66,666,70,679,78,694,87,705,98,713,106,718,123,730,130,728,149,732,165,733,187,728,198,725,217,719,225,719,228,724,229,733,232,739,238,742,245,743,253,741,261,738,266,734,270,728,273,721,276,714,280,711,285,711,289,712,291,713,290,708,290,699,291,687,294,676,297,668,300,661,306,654,310,651,313,651,316,653,312,660,306,672,298,686,297,692,297,702,297,715,303,718,302,704,304,694,309,684,318,672,326,660,336,647,337,646,238,640,235,652,230,659,225,666,217,672,208,677,201,680,194,681,185,681,171,679,159,675,144,668,132,661,121,651,112,640,106,626,101,611,100,599,100,584,103,570,107,559,111,554,109,537,108,519
116,389,117,365,124,330,133,310,141,298,156,282,167,270,177,262,187,254,196,249,201,247,220,246,247,248,281,258,297,266,333,289,347,302,360,316,371,333,381,352,387,370,393,398,395,414,395,438,393,463,390,484,385,503,381,518,374,536,366,552,360,564,358,573,356,584,355,596,349,618,344,632,337,646,327,659,315,650,238,637,235,628,227,616,215,606,203,598,183,583,169,573,156,563,145,553,123,535,113,524,111,521,108,459,113,408
346,785,334,757,337,756,344,756,349,751,354,743,360,735,367,726,372,720,378,718,386,719,399,724,407,727,412,728,421,726,429,724,439,719,447,714,454,706,461,695,468,679,472,669,472,661,493,673,487,685,481,696,470,710,459,721,447,732,433,743,420,753,412,749,397,746,381,747,369,753,364,761,358,771
327,744,334,756,344,756,350,750,358,738,363,731,368,724,373,719,379,718,386,718,401,725,408,727,413,727,420,727,429,724,438,720,447,713,454,706,460,695,466,683,472,668,472,661,467,658,464,661,456,671,449,686,443,699,438,705,431,709,424,711,417,712,405,710,394,707,383,704,375,705,367,709,360,714,355,720,352,725,349,732,347,739,341,742
310,730,318,735,325,741,327,744,336,743,343,741,348,736,350,729,353,722,358,716,367,709,374,705,384,704,400,708,408,711,419,712,429,710,438,706,444,697,449,686,454,676,459,667,465,660,468,659,444,644,428,634,385,607,383,607,385,611,390,617,395,625,398,630,401,637,403,644,403,652,402,658,395,662,374,665,360,665,357,668,352,673,341,684,334,694,328,703,323,712,318,720,314,724,309,725
146,587,141,588,138,592,138,598,139,604,142,611,147,620,154,627,163,634,170,638,173,638,175,636,175,624,172,614,168,605,161,597,154,591
