595,810
Cg1, Cg2, AcbC, AcbSh, CPu, Pir1, Pir2, Pir3
146,181,124,133,105,88,92,54,79,24,75,12,66,16,53,22,39,32,25,43,14,60,6,80,2,100,1,118,54,147,93,169,132,190,134,187,137,185,141,183
131,190,86,165,35,137,10,122,1,117,1,283,5,286,5,290,1,292,2,297,23,294,48,290,70,282,77,277,91,261,103,247,114,226,122,208
111,508,118,520,131,535,143,547,162,557,187,570,204,581,215,590,223,599,227,606,230,616,232,628,232,639,228,650,223,657,217,661,206,663,193,664,165,660,146,654,133,648,120,636,113,623,109,610,105,594,104,574,105,561,107,551,109,549,111,559,113,563,114,560,115,554,114,546,113,531,111,518
109,548,106,557,105,568,105,592,107,604,111,618,119,635,129,644,141,652,162,659,182,663,205,663,214,662,220,659,227,652,231,640,232,625,231,618,335,641,318,645,309,650,298,658,292,665,288,671,286,678,285,685,284,693,284,699,287,704,284,705,276,707,270,712,263,717,249,719,232,719,211,719,206,723,201,729,195,730,187,726,181,723,175,723,168,727,162,733,157,736,150,732,140,722,129,717,119,716,114,719,100,709,89,698,76,680,69,668,63,655,58,642,59,640,63,638,62,629,60,609,59,591,59,574,60,556,64,541,70,531,77,520,85,511,92,506,98,503,102,503,104,522,107,538
110,506,110,493,111,461,113,429,116,414,114,365,118,338,124,317,131,302,141,287,149,279,152,272,159,265,165,261,169,263,173,269,176,267,179,260,187,252,198,245,227,245,261,252,282,261,302,270,323,285,336,297,347,310,356,322,364,333,374,353,381,368,386,387,390,408,392,425,392,464,389,484,385,504,381,526,376,551,372,565,364,594,355,614,349,625,334,642,231,616,225,601,212,587,199,578,187,570,173,563,156,554,144,547,131,536,122,524,114,513
355,768,362,765,373,760,378,759,380,748,389,736,396,730,406,727,418,727,432,730,441,735,454,727,467,718,481,706,490,693,498,676,503,658,479,650,479,659,474,674,469,687,460,698,447,707,437,708,426,704,412,696,400,692,386,692,376,698,368,707,364,714,362,728,358,741,352,747,347,749,351,753,354,759
337,732,341,740,346,747,351,747,354,746,359,739,361,731,364,719,366,711,370,705,375,699,382,694,389,691,399,692,409,695,423,702,433,708,441,708,452,704,462,696,470,684,476,670,479,656,478,649,472,648,465,654,460,663,455,674,449,682,445,688,439,690,430,687,422,683,407,677,396,674,385,674,377,676,368,681,359,689,354,696,352,704,349,716,345,723,341,729
320,715,328,723,338,733,342,727,346,721,350,714,351,706,354,699,356,692,361,687,367,682,373,677,380,675,387,673,400,675,410,678,424,684,434,689,442,689,448,684,459,666,463,658,466,652,473,648,462,643,443,633,431,626,425,622,419,617,420,622,423,629,423,636,420,641,411,643,404,644,389,644,375,641,367,645,358,650,351,657,345,666,340,674,335,688,330,700,326,707
