594,809
Cg1, Cg2, AcbC, AcbSh, CPu, Pir1, Pir2, Pir3, aca
128,181,117,155,106,123,94,91,84,62,72,28,69,21,56,27,42,35,29,44,19,52,9,64,3,76,1,81,1,123,16,132,38,143,64,158,92,172,122,188,124,186
121,188,93,173,57,154,32,140,9,128,1,124,1,282,4,286,5,291,1,294,1,299,12,295,23,297,36,295,56,288,74,278,81,268,91,256,96,249,101,234,107,216,112,204,117,194
114,499,116,507,123,518,136,532,149,543,172,560,190,572,201,581,210,593,220,608,227,623,231,638,232,646,227,654,219,660,205,663,187,664,172,662,159,657,146,650,135,641,124,629,116,617,111,603,108,590,108,559,110,548,112,545,114,555,117,564,119,564,119,553,116,537,114,521
111,536,111,546,109,554,108,562,109,591,112,605,117,618,122,626,127,633,137,643,149,653,161,658,174,663,192,664,205,663,217,660,227,655,231,649,233,642,330,652,325,660,317,671,312,679,311,692,314,699,321,709,325,714,316,721,310,714,300,705,291,700,282,699,275,700,261,705,251,709,241,712,235,715,231,722,228,728,224,733,216,734,210,731,207,723,206,716,203,709,197,706,190,706,181,709,175,712,168,716,163,718,156,715,148,711,143,709,135,706,129,704,121,702,117,697,116,689,115,683,111,678,103,675,95,673,91,675,87,672,79,661,68,642,62,628,59,620,57,614,53,600,54,594,60,587,64,580,67,572,69,562,72,550,73,539,75,535,93,513,102,502,108,496,109,517
231,638,224,618,216,600,207,588,199,580,185,569,167,556,153,546,137,534,126,522,117,509,113,496,114,467,114,446,116,417,117,402,116,352,116,327,118,313,124,297,133,282,147,266,152,261,163,254,166,250,166,248,181,241,199,236,224,237,258,241,280,247,305,256,321,266,336,278,354,296,371,321,380,339,389,361,393,382,395,403,395,437,394,452,392,467,389,481,381,527,372,570,368,587,357,615,349,627,338,642,329,654
352,751,354,759,356,764,369,758,380,754,383,745,389,736,398,729,406,725,416,724,433,728,441,732,451,727,467,716,477,707,489,694,498,677,502,661,503,656,488,652,482,651,482,658,478,669,472,680,459,697,448,704,439,705,431,702,406,691,398,688,391,687,383,689,376,695,371,705,363,729,357,741,349,746
343,735,348,744,350,746,353,744,358,738,362,733,365,723,368,712,374,698,379,692,386,688,393,687,400,689,413,694,428,701,440,705,450,704,456,699,467,689,473,678,478,669,481,661,483,654,482,650,479,649,476,650,471,656,466,663,461,670,454,676,448,681,440,685,431,684,423,681,410,674,404,673,396,672,389,672,375,675,368,680,362,685,358,691,355,698,353,705,351,713,349,720,347,727
324,713,343,735,346,732,349,720,352,709,356,694,361,687,366,681,375,675,385,672,400,672,409,674,422,680,435,685,444,684,454,676,465,665,472,655,478,649,464,642,450,635,432,622,424,616,419,612,420,617,422,629,420,637,414,641,407,643,381,641,373,645,360,653,354,660,350,666,346,672,343,679
157,620,148,614,139,601,135,590,136,582,141,579,147,579,155,582,163,590,170,599,173,609,175,615,174,622,171,624,164,624
