604,818
Cg1, Cg2, AcbC, AcbSh, CPu, Pir1, Pir2, Pir3, aca
134,196,107,140,74,71,56,33,44,41,31,53,18,70,6,90,1,105,1,131,29,145,75,169,116,189,131,198
132,198,90,177,41,151,1,131,1,286,6,292,14,293,23,295,25,303,38,301,49,299,61,293,71,287,82,277,91,268,100,257,106,248,113,232,118,222,123,209,128,201
121,519,126,527,130,535,134,544,140,552,152,563,170,577,189,591,200,600,211,612,217,621,220,631,220,641,217,647,207,653,194,654,178,652,163,647,150,640,137,632,125,622,116,610,113,600,112,583,113,567,116,550,117,559,120,568,121,572,123,574,124,573,126,572,126,566,125,553,122,540,121,531,120,526
112,518,113,529,114,541,116,553,114,561,113,578,112,593,115,607,120,618,133,628,140,634,154,642,171,651,191,654,204,653,212,651,218,646,220,635,220,629,348,658,342,666,336,674,329,687,323,698,321,706,322,710,334,723,327,727,315,731,316,723,313,714,309,712,312,711,314,701,316,694,319,688,323,681,327,675,331,669,334,663,335,657,333,655,328,658,322,662,315,671,310,681,306,691,303,699,302,703,301,709,300,710,294,711,277,713,264,715,256,720,247,728,242,728,235,718,228,717,222,719,216,725,211,733,206,742,196,744,189,740,184,727,180,720,174,716,162,709,147,702,134,695,123,689,112,679,104,673,100,668,92,668,88,672,89,677,91,689,86,681,79,668,74,654,69,640,65,626,61,608,59,593,58,577,62,565,67,556,73,548,81,540,89,532,98,526,105,521
346,659,219,627,216,619,209,610,197,598,182,586,168,575,156,566,145,556,135,546,129,534,125,526,121,518,120,515,121,485,123,447,126,385,127,348,128,331,132,320,139,305,144,294,150,286,157,278,164,268,171,262,185,255,199,251,217,248,242,248,261,250,285,254,309,263,330,273,346,284,353,288,368,301,384,318,401,342,408,360,413,376,417,392,420,412,421,430,420,460,418,478,412,510,406,533,398,558,394,575,390,592,382,613,371,630,360,644
354,754,357,762,361,775,369,772,379,769,384,767,387,761,393,751,399,743,406,737,416,734,425,732,439,733,446,740,452,734,462,729,488,714,503,695,511,683,519,672,504,663,494,657,494,661,492,668,488,676,481,685,472,696,463,704,454,705,441,703,427,698,416,695,406,695,399,697,392,702,386,709,382,719,378,728,375,735,372,743,370,751,366,757,362,758
343,736,349,746,352,752,356,755,362,758,366,757,369,752,372,745,374,737,377,729,380,723,383,714,388,706,396,699,403,696,408,695,417,695,428,698,442,703,451,705,458,705,467,701,475,692,482,683,489,674,493,666,494,662,494,656,491,655,486,656,482,660,476,666,470,672,464,680,458,684,452,687,442,687,428,684,421,681,407,680,398,681,391,683,385,687,379,692,373,699,367,710,363,720,360,730,355,733
334,723,343,736,349,734,356,732,361,729,363,721,366,712,370,704,376,696,382,689,389,684,397,681,409,680,422,682,439,687,452,687,461,683,468,675,478,664,486,656,492,655,472,641,460,631,441,615,434,609,435,614,437,624,439,633,437,644,432,649,424,652,409,651,396,650,388,651,380,655,372,663,362,674,354,684,350,692,348,699,347,708,344,715
138,580,145,582,153,588,161,596,167,606,170,618,172,627,171,631,168,631,158,627,150,621,142,614,136,606,132,598,130,593,130,585,133,582
