604,824
Cg1, Cg2, AcbC, AcbSh, CPu, Pir1, Pir2, Pir3, aca
128,180,110,131,94,86,80,46,70,16,58,22,48,28,35,40,22,57,14,72,7,89,1,108,1,123,22,134,51,149,85,165,111,179,123,185
122,185,72,160,17,132,1,123,2,265,4,276,6,281,13,283,6,285,3,289,4,297,31,290,56,282,69,276,82,263,90,253,96,245,107,222,115,200,119,190
120,534,131,548,151,570,173,587,195,602,206,612,211,619,213,629,211,640,204,647,195,650,177,650,161,647,143,640,127,628,121,622,132,619,141,624,152,629,158,627,160,622,156,605,149,591,137,580,130,577,125,576,124,569,121,554
119,567,116,573,113,593,109,610,108,618,110,622,119,622,124,625,139,637,162,647,181,650,194,649,199,649,205,646,216,654,288,673,311,680,304,695,301,701,302,704,310,702,323,687,335,672,332,684,324,702,321,714,324,725,331,733,322,738,312,745,301,753,307,742,309,735,306,729,302,724,297,722,294,723,293,728,293,735,291,740,286,739,283,731,281,723,280,718,269,714,257,715,251,718,246,729,243,735,239,735,238,733,236,728,227,726,222,727,218,729,211,737,208,740,204,739,206,727,205,718,205,714,200,709,193,711,187,718,182,725,176,725,170,724,157,716,145,706,135,689,126,672,111,655,96,641,82,630,69,621,64,615,64,570,67,563,76,551,90,541,103,534,114,531,117,548
317,673,219,647,210,642,213,631,211,617,195,602,171,585,154,571,132,551,119,532,117,513,120,491,121,475,122,443,121,424,125,404,127,373,125,343,127,321,135,290,137,279,147,265,158,251,166,245,178,242,183,240,184,237,194,235,216,234,228,235,247,237,283,245,305,254,326,266,347,285,376,324,389,349,401,386,407,421,410,458,409,492,402,520,396,543,391,573,384,601,378,616,366,633,351,655,343,658,330,663
356,768,363,785,362,790,373,785,377,772,387,756,398,747,411,743,423,746,430,751,453,737,476,717,502,690,523,664,522,662,489,652,477,648,479,655,473,675,464,692,449,707,437,715,428,718,413,718,393,714,381,716,374,723,367,741,365,763,363,768
356,767,362,767,366,753,368,737,373,724,380,716,389,714,404,715,429,718,441,714,450,705,463,692,473,675,478,657,479,650,478,646,472,645,467,650,463,667,453,684,443,696,432,701,421,701,403,693,386,690,376,692,367,701,354,722,350,736,349,750,348,756,356,767
347,753,349,749,351,730,356,719,365,704,373,694,382,691,394,690,415,699,431,701,441,698,459,676,466,656,469,648,472,645,442,630,418,614,421,623,426,642,426,653,418,659,411,661,403,661,392,659,382,662,369,669,361,675,351,689,342,707,337,725,335,731,331,734,346,754
129,576,136,579,145,586,153,598,157,608,160,621,159,627,155,628,149,628,137,621,127,610,122,596,120,585,122,578
