618,826
Cg1, Cg2, AcbC, AcbSh, CPu, Pir1, Pir2, Pir3, aca
140,204,118,155,82,70,63,24,50,31,37,39,21,53,10,70,2,90,1,109,1,127,46,157,107,197,130,210,135,207
130,211,1,127,2,279,8,286,11,287,8,290,3,295,1,298,2,300,26,299,54,293,72,287,81,281,93,267,101,256,109,240,117,226,123,217
133,543,141,556,153,568,164,578,175,586,192,598,205,610,209,617,212,627,211,639,207,647,204,651,197,654,186,652,159,643,134,635,137,632,138,622,146,625,157,629,162,627,163,620,160,607,153,591,140,580,139,572,135,559,135,556
127,555,122,559,113,569,107,581,106,598,108,613,114,622,127,631,135,635,130,639,122,639,105,632,98,625,90,604,82,582,79,569,79,558,96,540,110,526,122,517,125,516,125,543
329,730,322,736,316,735,313,727,312,722,307,720,295,723,281,730,275,745,272,747,269,746,271,722,269,718,266,717,261,717,256,726,248,737,243,740,238,737,237,726,234,722,228,726,221,734,216,739,208,734,197,724,183,719,168,704,155,689,147,668,137,650,126,638,133,635,142,636,185,652,198,653,207,648,211,639,212,626,207,611,187,595,162,577,149,564,135,547,132,541,129,515,130,491,133,453,134,429,134,394,137,377,133,368,132,356,138,327,145,305,153,289,161,275,168,267,182,259,197,253,226,251,249,252,279,258,311,271,334,284,362,307,379,325,394,347,409,378,419,412,426,450,428,486,426,512,418,541,407,575,399,604,390,626,377,647,356,672,342,688,336,697,330,712
358,794,370,788,379,787,387,772,398,756,409,750,420,749,429,751,436,756,438,758,465,738,506,704,524,688,536,670,539,662,506,649,506,654,501,662,489,677,472,699,459,713,444,718,424,719,399,719,386,724,380,729,375,737,373,746,369,760,366,768,361,773,354,773
355,772,364,771,370,760,374,742,377,733,387,723,399,719,420,719,444,718,457,713,469,702,492,674,503,659,506,655,507,649,496,645,487,652,477,664,465,681,454,693,443,698,409,698,387,701,369,710,358,723,354,735,351,752,347,759
347,758,351,752,355,731,361,720,367,712,376,705,397,699,444,697,457,691,473,670,485,656,491,650,496,646,469,631,437,612,430,606,434,616,438,631,439,646,429,658,407,664,390,666,371,684,358,698,350,711,345,726,341,732,333,739,347,758
137,578,148,586,156,596,161,610,163,625,162,628,156,628,145,625,137,621,129,613,125,603,125,588,127,582,131,578
