618,831
Cg1, Cg2, AcbC, AcbSh, CPu, Pir1, Pir2, Pir3, aca
137,198,137,199,121,165,101,124,85,93,71,64,59,40,54,30,50,34,42,42,33,49,25,58,16,70,7,86,2,99,2,107,2,128,18,138,42,154,66,170,107,197,123,208,126,206,128,203,132,200
123,208,27,144,1,127,1,286,4,291,9,294,3,299,1,305,26,304,46,300,62,295,73,287,84,273,98,253,110,232,118,217
131,549,137,559,146,568,163,584,179,598,191,613,199,625,202,635,199,649,190,655,183,657,169,658,152,653,139,647,130,645,123,643,130,640,132,628,138,630,145,630,153,627,157,623,156,613,150,596,141,583,129,578,124,578,129,571,132,564,129,551
125,520,126,526,128,534,130,538,130,550,128,553,123,554,118,556,112,564,107,571,103,579,99,589,97,597,96,610,98,621,101,630,108,637,113,640,104,639,91,630,83,619,78,607,77,592,77,575,82,563,85,557,91,550,95,545,100,538,106,533
201,633,371,662,382,649,394,629,403,611,406,603,415,576,425,535,431,516,434,488,434,461,430,426,425,406,420,390,412,370,406,360,395,341,380,322,374,316,364,306,346,294,329,284,313,277,290,268,266,261,247,257,227,255,210,256,193,258,180,263,169,268,159,278,147,295,141,311,137,323,135,338,135,382,133,428,132,459,130,476,128,492,127,507,125,517,125,525,129,534,130,550,136,558,148,571,162,583,174,594,188,609,196,622
347,776,351,788,351,805,357,800,369,797,371,787,377,777,385,765,396,756,410,749,421,747,430,747,435,749,440,754,451,747,473,731,492,717,508,699,517,688,537,658,533,655,516,646,510,642,510,648,508,655,503,663,494,673,484,685,474,693,469,697,460,701,450,710,442,719,432,724,426,725,412,726,396,728,382,734,373,745,369,754,366,767,363,778,362,785,358,783,351,778
343,765,347,775,353,779,360,785,363,781,366,765,371,751,374,743,379,737,385,732,395,728,406,726,421,726,434,724,444,717,452,708,459,702,469,696,478,690,489,679,500,666,507,657,509,653,510,643,506,640,501,640,493,647,484,657,475,667,463,675,451,684,438,696,427,701,417,702,403,703,390,706,376,714,367,724,363,731,357,743,355,751,353,764
332,746,343,766,352,765,354,762,355,750,357,741,361,733,369,721,374,715,386,707,401,703,413,702,426,702,438,696,448,687,465,673,478,664,487,654,495,644,503,639,492,632,474,622,456,611,448,606,442,609,431,610,424,609,427,613,432,620,437,631,441,642,443,652,439,661,430,669,421,673,408,677,399,678,391,682,380,689,372,695,363,703,353,714,348,722,342,733,335,744
125,577,135,580,146,590,154,606,157,619,154,626,148,629,141,630,136,629,126,624,119,613,116,605,116,592,120,582
