621,832
Cg1, Cg2, AcbC, AcbSh, CPu, Pir1, Pir2, Pir3, aca
135,195,31,44,21,56,12,68,6,80,1,97,1,135,87,185,123,206,126,203,129,200
123,206,61,170,13,142,1,135,1,277,2,280,6,284,8,286,3,290,1,294,1,299,10,299,24,296,43,291,67,282,78,275,88,264,99,250,108,232,115,219
138,536,143,548,152,567,161,584,168,598,170,611,168,626,165,635,154,643,150,642,152,638,154,628,151,620,153,617,154,610,148,595,142,582,136,578,130,576,130,565,132,553,135,544
133,498,132,525,133,534,126,539,119,547,111,556,104,568,99,579,97,588,96,599,98,611,104,621,109,628,103,626,94,619,89,609,86,596,86,579,90,562,97,547,107,531,115,519,124,508
374,668,231,649,198,627,170,607,167,594,160,581,150,562,142,546,138,534,136,518,136,476,137,452,138,427,139,397,138,363,137,349,138,337,141,323,145,308,154,286,164,270,167,265,175,259,183,256,195,255,210,251,241,251,264,254,293,262,323,275,346,288,372,307,395,332,417,371,429,409,435,442,438,478,438,503,434,529,429,550,422,573,413,597,403,621,393,647,383,660
350,792,352,806,366,802,378,798,380,791,391,781,404,770,418,764,428,764,437,769,449,767,463,763,482,753,502,739,516,726,525,715,534,696,545,669,522,661,508,655,510,659,513,669,509,683,504,692,501,698,489,706,477,715,466,723,461,729,451,737,442,740,428,739,415,734,407,734,399,736,386,743,378,753,373,762,370,774,369,783,366,789,361,792
346,778,349,785,351,792,360,792,367,788,370,781,370,773,373,764,377,754,383,746,389,741,396,737,402,735,408,734,415,734,424,738,435,740,444,740,453,736,460,729,469,720,487,709,499,699,509,685,512,670,511,659,507,655,500,653,497,653,493,657,493,666,493,674,491,679,485,684,479,687,471,690,459,699,454,705,449,710,444,713,436,715,429,716,407,716,392,718,384,721,378,724,372,729,367,735,363,741,360,747,357,755,355,769,352,774
326,756,338,766,346,778,353,774,356,760,361,745,370,732,374,726,380,722,388,719,393,718,400,717,416,716,438,715,451,709,461,697,468,693,476,688,486,683,492,677,494,664,494,655,500,652,461,636,446,627,448,632,448,642,445,652,440,661,429,672,416,674,402,672,394,679,381,689,371,698,362,706,355,715,347,728,339,742,336,751
130,576,137,578,145,587,150,599,153,610,153,618,148,621,141,622,130,620,119,612,115,601,116,590,119,583,124,578
